[+] Opening connection to vsc.tf on port 5003: Done
11191739689730980420
(4592193959047647911, 11150867061898190269, 16905903274700427120, 7332671498150328918)
not squares
0
3744692604325514755
(333696530808158257, 5588355543534963347, 13127184151301415548, 17651428512477221773)
not squares
1
6543542121694122904
(676189351475972505, 9175993632638081274, 12451766656992551131, 17663911035394598877)
not squares
2
1452071679957920373
(5363066342632131488, 2525733130284097569, 4847382650033925318, 17263092263757364389)
not squares
3
15314631541957202712
(12439040345439005899, 8562494882989979464, 6608163839065845046, 17874628763186240176)
not squares
4
7646466425905089184
(15104562974752177323, 8848943544336640461, 7687739720294972757, 11793284333937991554)
not squares
5
13157826271211906897
(17805212286086933132, 16513944755072035222, 719892225574429489, 15303405251061578169)
not squares
6
5985931196188730466
(511893605319841843, 13743770462122074722, 10590695818096108648, 18179787325429414708)
not squares
7
11421143901597538721
(3955052347498977438, 12238973291080902716, 9757792836840412114, 13415744742383373805)
not squares
8
17995103918518290249
(3318893603230931260, 5141125481132731610, 10034848398017755590, 11493664168655188236)
not squares
9
14833974066217745927
(17692941579683146606, 4401934467831421869, 16415669291534318741, 4403693009966852049)
not squares
10
6795894768667277498
(17915097028319948164, 8182507021797709999, 6446679913770895089, 12198589523631032542)
not squares
11
5921027926505880621
(11160058723236302788, 13872494434675118143, 17018084065126599166, 8531625536929944091)
not squares
12
5047008767518829030
(4484989364636701517, 979032391184707096, 13789013483557004795, 1705025820051976136)
not squares
13
13183934908656085245
(16855290743391852234, 643082730218766485, 17166008717348094372, 838762129669078268)
not squares
14
7167661542010302585
(11472214577199596322, 526019068190146179, 3007739051088483866, 17049179615523425441)
not squares
15
15193039664713587282
(17023359212865027147, 14804505040754698832, 17225987732039475375, 18159642303899666724)
not squares
16
14125590646837508643
(17872231702484306601, 2159049720871283585, 3895504345815251691, 13628345502001149192)
not squares
17
15331514710925190393
(13529617755476970637, 5085160116788979556, 15037352061788526705, 7441267496313546312)
not squares
18
8504473056024776108
(5850933818828156883, 16489424224569448159, 17267946289777304719, 7515878937181101724)
not squares
19
5416679653329364196
(315381511625327520, 1137797459039738427, 12780442956494957577, 2680345926090303746)
not squares
20
12570693973269665329
(1887898820955838060, 16581550329609607845, 2855399725492340808, 4206727057568637994)
not squares
21
9088586763359643015
(6994378669216127031, 953803315202131581, 3354822853072026741, 10727188953700361970)
not squares
22
13020069973928381207
(9117567397543929611, 4961869734035418128, 7814883786534852150, 14799636432384936016)
not squares
23
13853551372977903986
(1888037083940705946, 2929320551609789280, 16889166611300310871, 3087328611856920585)
not squares
24
2023971814340830104
(15803535039134231631, 13257823858068108970, 5860189724900958021, 2656802288667506904)
not squares
25
3392495315648491697
(9195317216854543037, 16772689738263509969, 11972630617502391845, 17538830922093069979)
not squares
26
15527352046768486534
(9984852366587533116, 2614544506746858623, 2007793268842128612, 10121898972945272486)
not squares
27
7273660388561632750
(6274827994861447526, 12831121027935631113, 15708852787111718586, 5324879537918870852)
not squares
28
14929326490428732158
(4024515892994110877, 2820694312214393919, 6258789700146765318, 2347453616208413036)
not squares
29
2486134624874288948
(7817880507682424836, 4324581081847067433, 1301371050815887269, 3079856958152543227)
not squares
30
14996518132083111672
(3277498637600584877, 4648208150642266181, 4118563475882759989, 11907243927857185019)
not squares
31
6366639252564083624
(11867199950677235055, 9983250499523096447, 6318299630483165335, 17794439128329704378)
not squares
32
5590542692514177527
(10293708624474674774, 13261631122247411609, 10766470899681245675, 16371706910106173030)
not squares
33
8315294969034732282
(9043709303966181658, 15078191304149672435, 3208661467137728762, 11436836954485866649)
not squares
34
13481652836373654996
(7146807248106732886, 10797567173442271128, 4524104219057883365, 15888332183580629368)
not squares
35
8605403561687950517
(13926932815692680530, 11189425752445089662, 8426286034364611466, 8100407587287002263)
not squares
36
13482536182997395041
(6685127011472275510, 2172796259475337915, 6586902713445762187, 4465629015209660348)
not squares
37
15700464925110237489
(7919652534860602745, 10403758445214243510, 1385297072591266777, 12610112366915918650)
not squares
38
11741935770197325886
(12868068305141968439, 7723189289544986580, 12168821800159452889, 10312582614812974992)
not squares
39
12496699415593034016
(2302524450818998253, 1268159301006247758, 497836660376030899, 4000645037784018165)
not squares
40
7792773953492048480
(8823986854091819946, 10317872770362971520, 14441715351184296830, 13255452271952423572)
not squares
41
5787791923669182775
(5916512136317380577, 17995390215414496155, 9181550492740094825, 331569817013646286)
not squares
42
3699202940574885378
(11390297937535359598, 4506662551095859876, 3444098146122781635, 5033281762622344601)
not squares
43
4211658267207792862
(2293958394866162586, 690120652897743677, 11819780958996033827, 15222592742199518046)
not squares
44
8293719271163594377
(4860855764847348658, 14333610260776462742, 8284204838179797437, 10295605148004051828)
not squares
45
17265990179422542435
(17072873183147706957, 16375673551157946544, 528942694288585446, 8341503952139914306)
not squares
46
14902825092747774229
(18376100028988874407, 3048440245298193840, 129983658794190765, 8058578626841188243)
not squares
47
14868696906438565067
(5853674727087720943, 9374629492174462845, 13656309464700750411, 6590261333185277195)
not squares
48
5339573144102627589
(14703358431716192689, 13036802865670197498, 14681952741652175846, 17247297428408651809)
not squares
49
10422639925361356114
(7536969429382672674, 11859504912006044431, 4783945824760570301, 4585216650779953738)
(7580051475743605304, 1746197587174739526, 16953926309441346207, 7057098117364137370, 10418455330929614295, 13867702349305209390, 18332447166167777709, 8419684804063790727, 13460753005500356353, 3467873702403420586, 8038563015993241892, 4878141249064543200, 17360728884941100458, 8899794424767594089, 14186323581188689950, 17895827785465472788, 18168585799855235254, 16471820552455562998, 13971940397336118201, 2063051292258258244)
[3656634917524245359, 12453171074265785512, 12275507555376318998, 7425758874069847699]
[3656634917524245359, 12453171074265785512, 12275507555376318998, 7425758874069847699]
b'Enter message: Enter signature: vsctf{yet_this_wasnt_what_i_wanted_:/_perhaps_one_day_salad_2?_b0dbfe9abdc93719}\n'
